fx: 767.3714305513316
fy: 768.6947543690142
cx: 370.4039313040598
cy: 301.1211765694682
k1: -0.281240332364634
k2: 0.6452954105392897
k3: 0.194766281550121
p1: 0.001878147381472541
p2: -0.003341073693187243

uccessfully initialized positions from /home/tes77/Desktop/5/task_description.yml.
Successfully initialized intrinsics from /home/tes77/ros_ws/src/3d-calibration/intrinsic/intrinsic_simulation/tests/basic_camera.yml.
Read in 10800 entries from /home/tes77/Desktop/5/detections.csv.

iter      cost      cost_change  |gradient|   |step|    tr_ratio  tr_radius  ls_iter  iter_time  total_time
   0  3.169358e+12    0.00e+00    1.83e+15   0.00e+00   0.00e+00  1.00e+04        0    3.15e+00    3.16e+00
   1  2.657590e+11    2.90e+12    1.50e+14   4.68e+02   9.16e-01  2.36e+04        1    6.26e+00    9.97e+00
   2  2.355551e+10    2.42e+11    1.29e+13   1.62e+02   9.12e-01  5.34e+04        1    6.26e+00    1.67e+01
   3  1.204439e+08    2.34e+10    5.03e+10   1.50e+02   9.96e-01  1.60e+05        1    9.33e+00    2.66e+01
   4  5.309006e+07    6.74e+07    2.89e+11   1.19e+02   6.67e-01  1.66e+05        1    9.31e+00    3.64e+01
   5  7.902200e+06    4.52e+07    1.18e+09   1.01e+02   1.09e+00  4.99e+05        1    6.24e+00    4.31e+01
   6  2.163809e+06    5.74e+06    2.56e+08   1.97e+02   1.03e+00  1.50e+06        1    6.23e+00    4.98e+01
   7  9.875201e+05    1.18e+06    4.49e+08   2.78e+02   5.91e-01  1.51e+06        1    6.23e+00    5.66e+01
   8  1.194720e+05    8.68e+05    1.52e+08   1.37e+02   8.88e-01  2.84e+06        1    6.22e+00    6.33e+01
   9  1.124547e+04    1.08e+05    2.23e+07   4.55e+01   9.65e-01  8.51e+06        1    6.22e+00    7.00e+01
  10  4.743932e+03    6.50e+03    5.40e+06   4.76e+01   1.05e+00  2.55e+07        1    6.22e+00    7.68e+01
  11  3.638048e+03    1.11e+03    1.05e+06   1.81e+01   9.52e-01  7.66e+07        1    6.22e+00    8.35e+01
  12  3.550639e+03    8.74e+01    1.52e+04   3.91e+00   9.63e-01  2.30e+08        1    6.22e+00    9.02e+01
  13  3.550160e+03    4.79e-01    6.62e+02   4.65e-01   9.38e-01  6.89e+08        1    6.22e+00    9.69e+01
  14  3.550063e+03    9.73e-02    1.34e+02   9.56e-02   9.86e-01  2.07e+09        1    6.23e+00    1.04e+02
  15  3.550037e+03    2.51e-02    3.43e+01   6.06e-02   1.01e+00  6.20e+09        1    6.23e+00    1.10e+02

Calibration complete.
RMS value is 0.555447 px.
SLED to TARGET:
	x = -0.113471	y = -0.067879	z = 0.054355
	r = 0.013369	p = -0.008555	w = -0.043464
CAMERA to MILL:
	x = 0.024836	y = 0.023145	z = -0.055225
	r = 0.008903	p = 0.008746	w = 0.008903

	0.999922	-0.008824	0.008825	0.024836
	0.008902	0.999921	-0.008824	0.023145
	-0.008746	0.008902	0.999922	-0.055225
	0.000000	0.000000	0.000000	1.000000
INTRINSICS:
	fx = 767.371431	fy = 768.694754	 cx = 370.403931	 cy = 301.121177
	k1 = -0.281240	k2 = 0.645295	 k3 = 0.194766	 p1 = 0.001878	 p2 = -0.003341

Saved results to /home/tes77/Desktop/junk_5.txt.

