image_width: 640
image_height: 480
camera_name: endo_cam_r
camera_matrix:
  rows: 3
  cols: 3
  data: [764.3248923361029, 0, 256.6944699510889, 0, 771.2949880954194, 255.9899967841515, 0, 0, 1]
distortion_model: plumb_bob
distortion_coefficients:
  rows: 1
  cols: 5
  data: [-0.2664461290241049, 0.6833873298555669, -0.0076201088705216, 0.008325426559456407, 0]
rectification_matrix:
  rows: 3
  cols: 3
  data: [0.9798495788660885, -0.07341881876231511, 0.1857538151626912, 0.07375149322096911, 0.997263466384347, 0.005127949176195568, -0.1856219815744521, 0.008675002398998459, 0.9825829350694785]
projection_matrix:
  rows: 3
  cols: 4
  data: [656.6642818592759, 0, 137.8890037536621, 3.571225862530483, 0, 656.6642818592759, 235.8376197814941, 0, 0, 0, 1, 0]