image_width: 640
image_height: 480
camera_name: endo_cam_l
camera_matrix:
  rows: 3
  cols: 3
  data: [761.5817766381223, 0, 342.3739543468309, 0, 767.7849495560155, 237.5974789518932, 0, 0, 1]
distortion_model: plumb_bob
distortion_coefficients:
  rows: 1
  cols: 5
  data: [-0.2737998745294181, 0.8674916756121842, -0.008319030465356753, -0.002869687095442371, 0]
rectification_matrix:
  rows: 3
  cols: 3
  data: [0.9782178160689577, -0.07584671767537002, 0.1932283098905316, 0.0755002696821323, 0.9971036429837419, 0.009167029315742987, -0.1933639408038735, 0.005621438109871577, 0.9811109956729528]
projection_matrix:
  rows: 3
  cols: 4
  data: [656.6642818592759, 0, 137.8890037536621, 0, 0, 656.6642818592759, 235.8376197814941, 0, 0, 0, 1, 0]